10558346240.0
9863089152.0
11183380480.0
9565651968.0
10242301952.0
10481388544.0
9511477248.0
9406838784.0
10326520832.0
9750804480.0
9844002816.0
9428088832.0
10177790976.0
10140874752.0
10036461568.0
10239141888.0
9673895936.0
10009312256.0
10300542976.0
10102483968.0
10721629184.0
10338501632.0
10247359488.0
10538038272.0
9874846720.0
10062987264.0
9826759680.0
10255032320.0
10242007040.0
10578649088.0
11050869760.0
9952731136.0
10257167360.0
9856250880.0
10064761856.0
9835224064.0
10146857984.0
9924683776.0
9614689280.0
10154929152.0
10818492416.0
10426079232.0
10402178048.0
9774943232.0
10551926784.0
9866851328.0
10275677184.0
10624650240.0
10262264832.0
9192113152.0
10638078976.0
8967007232.0
10090371072.0
10193360896.0
10349768704.0
10160594944.0
10036210688.0
10368208896.0
10278263808.0
10240690176.0
10342211584.0
9899062272.0
10367598592.0
10049217536.0
10858328064.0
9902027776.0
9947170816.0
9852093440.0
9838101504.0
10331432960.0
9466390528.0
9543529472.0
10404663296.0
9649319936.0
9987746816.0
10556862464.0
10752513024.0
10791106560.0
9865472000.0
9977284608.0
10462571520.0
10829052928.0
9753765888.0
8950462464.0
9910941696.0
9957439488.0
10351560704.0
10030299136.0
10487515136.0
9793990656.0
9733182464.0
10401021952.0
10756554752.0
10201585664.0
9943005184.0
10479179776.0
10672453632.0
10420825088.0
9734040576.0
10037910528.0
9563484160.0
9969507328.0
10042913792.0
9705735168.0
9906286592.0
9641817088.0
9331988480.0
10519081984.0
9990209536.0
9761969152.0
10181791744.0
9746776064.0
10076804096.0
10440718336.0
10198654976.0
9795572736.0
10081429504.0
10627429376.0
10020508672.0
10350679040.0
9603601408.0
10536787968.0
10076579840.0
10431680512.0
10298546176.0
9727976448.0
10606827520.0
9655433216.0
11696177152.0
9903985664.0
9943849984.0
9478749184.0
9386513408.0
10164719616.0
10383985664.0
10044120064.0
8588231168.0
10524524544.0
10580979712.0
9943697408.0
10755598336.0
10478017536.0
10164278272.0
10809710592.0
10493444096.0
9933914112.0
10045811712.0
10166547456.0
9441358848.0
10662231040.0
10285363200.0
10243019776.0
10152440832.0
9850252288.0
10069277696.0
10184719360.0
9566115840.0
10456368128.0
9873609728.0
10767187968.0
9714176000.0
11183080448.0
9501524992.0
9442772992.0
9375033344.0
10297690112.0
11241015296.0
9626741760.0
10202012672.0
9968967680.0
10014904320.0
9398097920.0
9608934400.0
10339169280.0
8861663232.0
9826765824.0
10816447488.0
10483726336.0
10759741440.0
10015784960.0
10845422592.0
10457564160.0
9814270976.0
10354934784.0
10496204800.0
10653391872.0
10223819776.0
9961266176.0
10504718336.0
9942300672.0
10113541120.0
9944642560.0
9982269440.0
10085450752.0
9612331008.0
10139428864.0
9588287488.0
10702643200.0
9960370176.0
10650872832.0
